3279 4552
623 1
159 2
159 1083
159 2877
2 483
2 1083
2 2877
2 2891
483 506
483 1083
483 1101
483 1186
483 1342
483 1544
483 2321
483 2849
483 3182
1083 13
1083 139
1083 151
1083 221
1083 465
1083 555
1083 1408
1083 1446
1083 1598
1083 1846
1083 1850
1083 1863
1083 2391
1083 2609
1083 2877
1083 2891
2877 1339
2877 1549
2877 1561
2877 2368
2877 2442
3238 3
1410 4
1410 65
1410 1221
4 3173
3173 1221
464 5
643 6
643 522
643 646
643 1129
643 2537
643 2538
643 2608
1478 7
1804 8
1804 109
8 2105
2105 109
179 9
179 1020
9 1020
1020 380
1020 408
1020 977
1020 1218
1020 1405
1020 2081
1020 2779
995 10
995 1192
1642 11
1642 1637
1642 3210
11 2583
2583 132
2583 267
2583 392
2583 465
2583 750
2583 1235
2583 1401
2583 1565
2583 1605
2583 1731
2583 2130
2583 2197
2583 2742
2583 2790
2003 12
114 13
114 151
114 1509
114 1846
13 553
13 672
13 789
13 832
13 954
13 1338
13 1595
13 1732
13 2438
13 2451
553 151
553 720
553 1853
553 1891
672 151
672 973
672 1257
672 2166
672 2407
672 2470
789 1028
789 1338
832 1338
832 2451
954 151
954 720
1338 151
1338 1028
1595 151
1595 223
1732 151
1732 1668
1732 3071
2438 151
2438 1614
2438 2002
2451 139
2451 151
2451 2452
2451 2453
1151 14
1151 1091
1151 1471
1151 1863
1151 1870
1151 2672
14 1471
14 1842
14 1863
14 2672
1471 1010
1471 1863
1471 2155
1471 2673
1842 2442
1863 1091
1863 2021
1863 2546
1863 2609
1863 2671
1863 2672
2672 391
2672 1314
2672 1955
147 15
147 1232
15 1232
2485 16
312 17
312 370
312 617
312 901
312 1401
312 1541
312 1578
312 1680
312 1912
312 2134
312 2558
312 2559
312 2598
17 611
17 617
17 1001
17 1401
17 1541
17 1578
17 1680
17 2134
17 2379
17 2380
17 2381
17 2382
17 2559
611 370
611 617
611 750
611 919
611 1401
611 1541
611 1578
611 1680
611 1912
611 2134
611 2379
611 2558
611 2559
611 2822
617 901
617 1001
617 1103
617 1578
617 1680
617 1912
617 2380
617 2382
617 2558
617 2559
617 2598
617 2883
1001 555
1001 750
1001 1401
1001 1541
1001 1578
1001 1912
1001 2134
1001 2559
1401 28
1401 30
1401 31
1401 52
1401 60
1401 138
1401 182
1401 220
1401 245
1401 287
1401 301
1401 450
1401 489
1401 492
1401 524
1401 525
1401 545
1401 581
1401 582
1401 628
1401 770
1401 794
1401 802
1401 829
1401 878
1401 929
1401 950
1401 953
1401 956
1401 966
1401 997
1401 1002
1401 1021
1401 1057
1401 1103
1401 1142
1401 1203
1401 1222
1401 1235
1401 1255
1401 1324
1401 1393
1401 1449
1401 1556
1401 1564
1401 1580
1401 1603
1401 1616
1401 1630
1401 1635
1401 1696
1401 1805
1401 1990
1401 1992
1401 2016
1401 2022
1401 2033
1401 2084
1401 2085
1401 2107
1401 2149
1401 2197
1401 2201
1401 2211
1401 2221
1401 2224
1401 2360
1401 2362
1401 2399
1401 2408
1401 2439
1401 2454
1401 2547
1401 2610
1401 2611
1401 2612
1401 2624
1401 2625
1401 2629
1401 2642
1401 2743
1401 2744
1401 2745
1401 2780
1401 2781
1401 2782
1401 2783
1401 2784
1401 2785
1401 2786
1401 2787
1401 2788
1401 2789
1401 2790
1541 686
1541 877
1541 953
1541 956
1541 1103
1541 1680
1541 2150
1541 2171
1541 2380
1541 2382
1541 2598
1541 2616
1541 2883
1578 370
1578 841
1578 901
1578 956
1578 1103
1578 1680
1578 1912
1578 2379
1578 2380
1578 2382
1578 2598
1578 2883
1680 370
1680 901
1680 1103
1680 1912
1680 2380
1680 2382
1680 2558
1680 2598
1680 2883
2134 686
2134 953
2134 956
2134 1103
2134 2171
2134 2380
2134 2382
2134 2598
2379 2559
2380 370
2380 901
2380 950
2380 1912
2380 2454
2380 2559
2381 686
2381 2559
2381 2598
2382 950
2382 1912
2382 2454
2382 2559
2559 338
2559 686
2559 919
2559 2445
2559 2558
2559 2586
870 18
870 578
18 2118
578 19
578 85
578 93
578 131
578 215
578 233
578 376
578 402
578 486
578 543
578 559
578 583
578 632
578 642
578 648
578 671
578 785
578 990
578 992
578 1154
578 1184
578 1366
578 1389
578 1493
578 1501
578 1632
578 1665
578 1673
578 1725
578 1890
578 1936
578 2035
578 2069
578 2102
578 2147
578 2216
578 2225
578 2355
578 2411
578 2800
578 2878
578 2879
578 2908
578 2931
578 2975
578 3056
578 3103
578 3170
578 3171
578 3172
19 773
19 807
773 2219
773 3177
807 1416
807 1760
807 2921
1319 20
20 1430
20 3261
1430 3261
3261 2784
3038 21
3038 906
3038 1557
3038 2194
3038 3030
3038 3039
1059 22
1059 3256
721 23
721 2707
23 2108
23 3205
2108 738
2108 2512
3205 926
1911 24
1911 267
1211 25
1211 45
1211 336
1211 1816
1211 2064
1211 2603
25 1996
1996 2741
2026 26
2026 1116
26 2296
2296 1116
2296 1408
2296 1532
2296 1561
2296 1627
2296 2391
222 27
222 563
222 1371
222 2595
222 2689
222 2817
27 2689
2689 684
2689 1414
2689 1839
2689 2690
228 28
228 305
228 489
228 878
228 885
228 1214
228 1992
228 2248
228 2742
228 2745
28 750
28 1000
28 1272
28 1912
28 1990
28 1992
28 2248
28 2742
750 138
750 154
750 197
750 220
750 489
750 545
750 622
750 714
750 878
750 901
750 997
750 1619
750 1930
750 2097
750 2221
750 2224
750 2452
750 2547
750 2611
750 2624
750 2625
750 2626
750 2627
750 2628
1000 489
1000 878
1000 885
1000 1021
1000 1198
1000 1616
1000 1992
1000 2248
1000 2439
1000 2642
1000 2745
1272 60
1272 305
1272 885
1272 1198
1272 1214
1272 1992
1272 2742
1912 287
1912 300
1912 305
1912 524
1912 581
1912 878
1912 953
1912 956
1912 1041
1912 1103
1912 1142
1912 1263
1912 1324
1912 1564
1912 1703
1912 2193
1912 2201
1912 2360
1912 2362
1912 2735
1912 2783
1990 829
1990 878
1990 885
1990 1616
1990 1992
1990 2612
1992 885
1992 1198
1992 2248
1992 2742
2248 639
2248 878
2248 2153
2248 2789
2742 138
2742 220
2742 245
2742 305
2742 450
2742 545
2742 582
2742 802
2742 829
2742 878
2742 885
2742 925
2742 929
2742 956
2742 1021
2742 1198
2742 1203
2742 1222
2742 1324
2742 1458
2742 1616
2742 2084
2742 2197
2742 2439
2742 2547
2742 2743
2742 2744
2742 2745
2742 2746
136 29
136 1540
136 2049
29 1426
29 1552
29 1650
29 1881
29 2028
29 2277
29 2278
29 2279
29 2280
29 2281
1426 590
1426 636
1426 746
1426 2524
1426 2771
1650 2281
1650 2592
1881 2049
2028 143
2028 1402
2277 1626
2277 1936
2277 2365
2278 869
2279 468
2279 708
2279 2304
2279 2550
2279 2699
2280 137
2281 81
2281 389
2281 814
2281 911
2281 1293
2281 1890
2281 2347
2281 2511
2281 2634
30 2798
529 31
529 1913
137 32
137 44
137 1535
137 1674
137 1731
137 1909
137 2471
137 2483
137 2484
137 2560
32 1117
32 1598
32 1731
1117 139
1117 155
1117 866
1117 1235
1117 1582
1117 1638
1117 1846
1117 2582
1117 2641
1117 2642
1598 44
1598 155
1598 411
1598 656
1598 866
1598 956
1598 1006
1598 1056
1598 1235
1598 1408
1598 1432
1598 1470
1598 1561
1598 1582
1598 1638
1598 1731
1598 1792
1598 1846
1598 1934
1598 2191
1598 2393
1598 2582
1598 2593
1598 2599
1598 2641
1598 2642
1598 2844
1731 44
1731 1408
1731 1887
1731 2582
1731 2594
119 33
119 91
119 3088
33 2967
2967 71
2967 203
2967 546
2967 2089
2967 2592
2967 2931
819 34
34 1793
34 3147
34 3151
34 3279
1793 253
1793 505
1793 779
1793 1343
1793 1743
1793 1872
1793 2148
1793 2189
1793 2964
1793 3064
1793 3148
1793 3174
1793 3224
3147 108
3147 169
3147 369
3147 741
3147 838
3147 1129
3147 1170
3147 1228
3147 1700
3147 2522
3147 3087
3147 3148
3147 3149
3147 3150
3147 3151
3147 3164
76 35
76 1282
76 1669
76 1850
90 36
758 37
1717 38
2195 39
2195 50
2195 149
2195 171
2195 488
2195 677
2195 1535
2195 2327
2195 2328
39 2352
2352 443
2352 2353
1391 40
1391 3093
40 2430
2430 739
2430 1670
626 41
41 2586
2586 148
2586 425
2586 2611
601 42
42 1046
42 3262
1046 1318
2616 43
2616 262
2616 441
2616 877
2616 1455
2616 1843
2616 1949
2616 2244
2616 2386
44 878
44 1082
44 1222
44 1408
44 1703
44 2593
44 2594
878 450
878 1021
878 1098
878 1198
878 1332
878 2214
878 2368
878 2799
878 2819
1082 656
1082 2599
1222 2470
1408 145
1408 153
1408 1116
1408 1377
1408 1378
1408 1824
1408 1958
1408 2079
1408 2115
1408 2384
1408 2385
1408 2386
1408 2484
1703 236
1703 1257
1703 2197
1703 2407
1703 2734
2593 489
2593 622
2593 956
2593 2206
2593 2610
2593 2611
2593 2612
2594 345
2594 765
2594 839
2594 918
2594 956
2594 1050
2594 1637
2594 2184
2594 2491
45 1816
1816 2706
927 46
3191 47
3191 1034
815 48
48 1084
48 1367
48 3085
48 3086
3086 2135
2153 49
2153 358
2153 586
2153 2173
2153 3104
2153 3105
1237 50
1237 309
1237 1309
1237 1487
1237 1884
1237 2419
50 1487
50 2306
50 2419
50 2952
2306 2273
2306 2307
2419 2821
2419 2826
2952 488
2952 2942
2492 51
2492 1330
2492 2269
51 2493
2493 959
2493 1247
450 52
450 802
450 829
450 929
450 997
450 1021
450 1198
450 1203
450 1573
450 1616
450 2022
450 2221
450 2439
450 2628
450 2744
450 2746
52 490
52 1021
52 1198
52 1580
52 2489
52 2788
490 301
490 1198
490 2119
1021 138
1021 220
1021 489
1021 1198
1021 1214
1021 1580
1021 1590
1021 1616
1021 2439
1021 2883
1198 60
1198 220
1198 581
1198 582
1198 802
1198 929
1198 956
1198 1041
1198 1203
1198 1214
1198 1458
1198 1616
1198 1696
1198 2022
1198 2197
1198 2362
1198 2408
1198 2439
1198 2547
1198 2610
1198 2611
1198 2744
1198 2746
1198 2784
1198 2786
1198 2820
1580 2439
2788 451
2788 829
2788 1174
2788 2149
2788 2257
2788 2547
2788 2612
2788 2802
2788 2958
273 53
53 1590
1590 1696
1590 2178
1590 2439
1590 2884
1590 2885
1590 2972
62 54
62 1422
62 1491
62 1706
62 2032
62 2082
723 55
55 1872
55 2342
1872 268
1872 896
1872 2384
1872 2457
2342 2031
187 56
187 2471
187 2841
56 2088
56 2289
2088 791
2088 2163
2289 2470
1014 57
1014 573
1014 1593
1014 2569
57 2570
2570 2569
484 58
484 729
484 831
484 1126
484 1623
484 2077
58 2533
2533 2791
282 59
282 1978
59 735
59 737
59 1395
59 1978
735 737
735 1395
737 1359
1395 1359
919 60
919 242
919 686
919 1012
919 1103
60 950
60 956
60 2786
950 257
950 300
950 525
950 2066
950 2193
950 2789
950 3031
956 220
956 465
956 686
956 791
956 1142
956 2066
956 2163
956 2193
956 2201
956 2527
956 2558
956 2734
956 2789
956 2840
956 2925
956 3043
788 61
788 904
61 904
61 2950
1422 1982
1706 1982
2032 246
2032 544
2032 791
2032 1462
2032 1806
2032 2082
2032 2163
2032 2870
2082 1462
2082 1806
2082 2870
1593 63
1593 194
1593 302
1593 426
1593 491
1593 538
1593 632
1593 803
1593 1073
1593 1307
1593 1742
1593 1788
1593 1797
1593 2212
1593 2300
1593 2404
1593 2526
1593 2592
1593 2597
1593 2682
1593 2935
1593 2984
1040 64
1913 66
1913 503
1913 999
1913 1379
1913 1549
1913 2498
1913 2499
1048 67
1048 2199
67 2307
67 3099
2307 2837
2307 3003
3099 943
3099 2852
3099 3100
1929 68
1929 666
2375 69
2375 824
2375 1482
2375 3226
158 70
158 100
158 1162
158 2471
70 1162
70 2334
2334 2333
803 71
803 632
803 2035
803 2526
71 1453
71 2212
71 2300
71 2521
71 2857
1453 979
2212 1219
2212 1307
2212 1498
2212 2064
2300 1219
2300 1307
2300 1498
2300 2064
2521 979
2857 203
2857 546
2857 629
2857 915
2857 1054
2857 1080
2857 1121
2857 1915
2857 2100
2857 2242
2857 2592
2857 2858
2857 2859
2857 2860
2857 2861
326 72
326 655
72 655
655 1459
1865 73
1865 211
1865 218
1865 401
1865 435
1865 515
1865 712
1865 985
1865 1131
1865 1132
1865 1181
1865 1510
1865 2017
1865 2138
1865 2663
1865 2664
1865 2665
1865 2666
1865 2667
1865 2668
1865 2669
494 74
494 1750
494 2932
494 2933
74 827
74 1750
827 1750
1750 2932
2329 75
2329 3118
1850 320
1850 391
1850 602
1850 1314
1850 1782
1850 1925
1850 1955
1850 2172
1118 77
77 1832
77 2392
77 2494
77 2605
77 2913
1832 2494
2392 1846
2605 310
2605 1436
2913 378
2913 1169
2913 1436
2913 2409
2913 2914
2913 2915
1206 78
1206 1835
1206 2398
1206 2645
1659 79
1659 253
1659 957
1659 1961
1659 3174
79 2012
79 2330
79 2456
2330 942
2330 1268
2330 1390
2330 2750
2330 3239
2456 664
2456 2455
2456 2693
2456 3203
296 80
296 465
80 2058
2058 465
2058 675
2058 1964
2058 2184
356 81
356 2987
81 2987
554 82
554 587
554 1131
554 2378
554 2934
82 587
82 1131
82 1503
82 2378
82 2934
587 1131
587 1503
587 2378
587 2665
1131 2120
2378 1137
2378 2665
2934 712
2934 1871
2934 2664
2238 83
2238 1524
2238 3221
537 84
537 292
537 551
537 900
537 911
537 1914
537 2479
537 2607
537 2868
537 2869
537 3004
84 580
84 644
84 649
84 911
84 1063
84 1209
84 1362
84 1813
84 1901
84 2634
84 2975
84 2976
84 3004
84 3252
84 3271
580 1026
580 2495
644 2459
644 2607
644 2869
644 3004
644 3056
649 2479
911 1154
911 2185
911 2869
911 2976
911 3056
1209 1154
1209 1901
1362 512
1813 2607
1901 2411
1901 3004
2634 610
2634 2631
2634 3237
2975 452
2975 909
2975 2157
2975 2607
2975 2869
2975 3004
2976 2607
3004 292
3004 473
3004 475
3004 814
3004 1240
3004 1451
3004 1836
3004 1860
3004 2245
3004 2459
3004 2869
3252 512
85 648
2851 86
2851 2349
1466 87
87 1828
1682 88
1682 2081
1682 2182
1682 2876
88 2182
2182 1440
3111 89
3111 354
3111 479
3111 703
3111 2271
3111 2417
91 3230
1961 92
1961 124
1961 252
1961 452
1961 793
1961 875
1961 1789
1961 2312
1961 2779
1961 3094
93 2157
2157 107
2157 376
2157 632
2157 1073
2157 2035
2157 2700
2157 2736
2157 2879
2157 3169
2897 94
2897 685
1176 95
1176 2753
95 2753
111 96
111 469
111 538
111 1526
111 1676
111 3227
96 817
96 916
96 2236
96 2597
96 3227
817 538
817 1030
817 2462
916 538
916 1307
2236 469
2236 538
2236 1526
2236 1676
2236 2297
2236 3227
3227 402
3227 469
3227 538
3227 1030
3227 1526
3227 1739
3227 2462
3227 2795
120 97
120 133
120 1800
120 3088
97 133
97 337
97 1304
133 774
133 1304
133 1310
133 3089
337 469
337 2749
892 98
892 1185
892 2535
98 1185
98 2535
1185 2535
351 99
351 2398
99 383
99 924
99 1064
99 1385
99 2142
99 2250
99 2262
99 2474
99 2475
924 240
924 463
924 704
1064 1243
1064 2474
1064 2808
2142 240
2142 463
2142 615
2142 704
2142 1248
2142 1340
2142 1550
2142 1773
2142 1956
2142 1986
2142 2377
2142 2403
2142 2473
2142 2821
2142 3093
2250 2262
2474 1243
2474 1989
2474 2473
2475 2473
100 1002
100 2534
1002 1257
1002 2407
1002 2743
2534 171
1013 101
1013 659
1013 2126
1013 3112
101 2126
820 102
820 249
820 636
820 1066
820 1548
820 2815
102 1306
102 1321
102 1413
102 2815
102 3044
102 3116
1321 1066
1321 2815
1413 204
3044 204
1003 103
1003 764
1003 1837
103 1611
103 1720
103 2165
2099 104
2099 2442
1739 105
1739 538
1739 1933
1739 2705
105 1933
964 106
964 2398
156 107
156 910
156 2604
156 2736
107 1346
107 2604
107 2736
1346 557
1346 711
1346 867
1346 1045
1346 1164
1346 1167
1346 2057
1346 2542
1346 2543
2604 246
2604 1164
2604 1167
2604 2736
2736 1230
1433 110
110 1790
110 2619
110 2620
2620 1752
469 538
469 698
469 775
469 1676
538 426
538 698
538 804
538 1443
538 1456
538 1676
538 1836
538 2682
538 2705
538 2800
538 3005
538 3006
538 3007
538 3008
1526 1443
1526 1676
1526 2297
1676 2297
250 112
1233 113
1233 2246
1509 2885
1846 432
1846 839
1846 1006
1846 1432
1846 1494
1846 1958
1846 2172
1846 2324
1846 2363
1846 2390
1846 2391
549 115
115 1398
115 1514
115 1658
115 2043
115 2638
1398 1670
1398 2304
1398 2353
871 116
871 1848
116 2091
2091 1806
2091 2363
3263 117
364 118
3088 667
3088 1141
3088 1657
3088 3089
1800 1030
1800 1333
1800 2004
335 121
335 1622
121 1622
1622 2846
1880 122
122 3092
822 123
822 2385
123 2385
2385 1561
2385 2115
1782 125
1782 1274
1782 1770
1782 2060
1782 2071
1782 3152
826 126
826 3021
204 127
144 128
1028 129
1224 130
131 992
992 416
992 693
992 851
992 2461
992 2776
992 2878
923 132
923 2552
923 3187
132 3277
3277 267
3277 2780
774 920
3089 205
1604 134
865 135
865 2826
2049 573
2049 2311
2049 2622
2049 2623
1535 447
1674 1683
1674 1745
1909 710
1909 2368
1909 2369
2471 447
2471 997
2471 2163
2471 2470
2471 2484
2471 2560
2471 2841
2483 392
2483 393
2483 447
2483 739
2483 873
2483 918
2483 2163
2483 2184
2483 2679
2483 2680
2483 2681
2484 839
2560 2558
465 139
465 272
465 393
465 675
465 763
465 918
465 970
465 1235
465 1342
465 1452
465 1637
465 1708
465 1824
465 2163
465 2184
465 2264
465 2679
465 2680
139 675
139 1708
139 1824
139 2163
139 2452
1708 152
1708 241
1708 960
1708 970
1824 345
1824 461
1824 839
1824 997
1824 1050
1824 2452
1824 2491
2163 241
2163 447
2163 918
2163 1122
2163 1848
2163 2184
2163 3219
2452 1934
2452 2399
597 140
597 946
597 1829
140 946
946 2507
946 2993
1685 141
1023 142
1023 905
1023 2813
990 143
990 1184
990 2054
990 2694
143 1184
143 1434
143 2694
1184 814
1434 2694
2694 814
839 145
839 1377
839 1494
839 1638
839 2172
839 2324
839 2554
145 1116
145 2079
1116 970
1116 1565
1116 1638
1116 2079
1116 2386
1116 2688
2079 1377
2079 1561
2079 1638
3078 146
1331 148
1331 1378
148 1418
148 1619
148 2231
148 2368
148 2369
148 2587
1418 425
1418 656
1418 2587
1418 2599
1619 425
1619 768
1619 1098
1619 2587
2231 425
2231 656
2231 710
2231 768
2231 1697
2231 1802
2231 1966
2231 2599
2231 2900
2368 425
2368 489
2368 656
2368 710
2368 1616
2368 1697
2368 2599
2369 374
2369 425
2369 656
2369 710
2369 2599
2587 425
2587 768
2587 1041
2587 1098
2587 1802
2587 3012
1741 149
1741 1301
1741 2827
149 2037
361 150
361 396
361 1960
918 152
918 393
918 791
152 2184
152 2264
2184 272
2184 393
2184 791
2184 1396
2184 1730
2184 2606
2264 241
2264 447
2264 1556
2264 2001
153 1638
153 2510
1638 411
1638 1214
1638 1378
1638 1958
1638 2391
1638 2399
393 154
393 2845
154 739
154 2883
739 2202
739 2548
739 3228
2883 370
2883 901
2883 981
2883 998
2883 1103
2883 1406
2883 1879
2883 2066
2883 2224
2883 2362
2883 2439
2883 2734
2883 2735
2883 2780
2883 2925
447 155
447 271
447 539
447 873
447 1007
447 1508
447 1788
447 1884
447 1934
447 2260
155 1098
155 1640
1098 349
1098 953
1098 1235
1098 1458
1098 1607
1098 1616
1098 2439
1098 2486
1098 2780
1098 2885
1098 2972
1640 884
1640 996
1640 1394
1640 2363
910 1073
910 1230
930 157
930 1834
930 2270
930 2308
157 1315
157 1649
157 3041
1315 717
1649 1129
1649 1219
1649 1709
462 160
462 2121
462 2310
462 2931
914 161
914 922
161 922
161 1589
161 2101
161 2677
922 1589
922 2101
1589 1724
1972 162
162 2695
162 3028
1056 163
1056 884
1056 2363
3137 164
2373 165
932 166
166 1963
166 2764
2764 1777
2764 2765
662 167
662 485
662 755
662 1085
662 1163
662 1171
662 1227
662 1506
662 1529
662 1679
662 3058
1873 168
1873 2627
168 2867
2867 986
2867 1939
2867 1954
246 170
246 1201
246 1249
246 2057
246 2574
246 2808
170 917
917 2823
488 171
488 872
171 872
171 1727
171 2545
171 2763
872 677
872 2327
872 2328
1727 2327
2545 2826
2763 309
422 172
1531 173
1531 704
1531 1015
1531 2286
1531 2287
1531 3181
173 2285
173 2287
2285 704
2285 1015
2285 2286
2285 2287
2285 3181
2287 1360
516 174
516 3101
1271 175
2899 176
2640 177
2640 790
2640 2710
177 2710
1940 178
1940 573
1940 1017
1940 1427
1940 1644
1940 2031
1940 2319
1940 2337
1940 2443
178 2406
178 2648
2406 868
2406 1140
2406 1358
2406 2648
1280 180
1280 2061
180 1831
180 2400
180 2657
1831 2061
2400 2061
2657 2658
349 181
349 656
349 2599
349 2600
181 656
181 2599
181 2600
656 1712
656 2600
656 2601
656 2602
2599 1712
2599 2600
2599 2601
2599 2602
1246 182
1246 492
1246 2785
1246 2936
2229 183
2229 3248
2904 184
1796 185
1796 1257
1796 2407
3231 186
199 188
2580 189
2580 226
2580 253
2580 265
1773 190
1773 1031
1773 2288
190 2045
190 2398
2045 1980
2398 876
2398 1031
2398 2288
2398 2615
323 191
323 3139
191 3064
191 3139
3064 717
3064 2148
3064 3063
3139 328
1896 192
1896 2514
192 2137
2137 3229
568 193
568 1011
568 1967
394 194
394 1498
194 1498
194 2185
194 2858
194 3009
194 3010
2185 633
2858 1334
2858 2021
3009 1080
3009 3161
3010 1363
1386 195
195 1794
1794 1358
1794 3003
2472 196
710 197
710 374
710 1697
1432 198
198 1970
198 2292
2802 200
2802 2803
200 2803
1673 201
1568 202
1080 203
1080 2021
212 205
212 778
212 2795
212 2796
212 3034
212 3218
205 778
205 845
205 2261
205 3034
205 3218
778 2261
778 2795
778 2797
778 3034
845 1497
845 2581
2261 2607
3034 2795
3218 1763
767 206
767 1278
767 1312
767 1522
269 207
218 208
218 1460
218 1690
218 2397
218 2664
208 401
208 435
208 985
208 1510
208 1690
208 2397
208 2664
208 2666
208 2667
208 2924
401 1510
401 1690
401 2664
401 2666
401 2667
401 2924
435 1690
435 2664
435 2666
435 2667
435 2924
985 1022
985 2664
1510 1022
1510 2664
1690 2397
1690 2664
1690 2666
2664 1022
2664 1137
2664 1871
2664 2138
2664 2663
2664 2666
2664 2667
2664 2924
2666 2667
2666 2924
2667 2924
1960 209
1960 346
1960 1737
3138 210
3138 1737
1423 211
2795 2796
2796 1939
525 213
525 2360
525 2789
213 2066
213 3031
2066 981
2066 2399
2066 2527
2066 2734
2066 2789
2449 214
2449 1542
2449 2727
214 2733
214 2886
2733 2732
2733 2886
2733 3225
2886 697
690 216
690 1654
690 2447
690 2751
690 2752
216 1627
216 2576
1627 431
1627 645
1627 1969
1627 2470
1627 3163
2576 2772
1301 217
1301 1576
1301 2204
217 1576
217 2827
1576 2827
2827 419
2827 2204
2221 219
2221 301
2221 385
2221 3050
219 3050
3050 301
220 2439
2439 2789
563 1414
563 1974
563 2364
563 2428
563 2450
563 2690
563 2856
563 3175
1371 2595
1371 2817
1371 3166
2817 3166
736 224
736 2994
224 1052
224 1504
224 3157
224 3158
1052 244
1052 2994
1052 3157
1052 3158
3157 244
3157 2994
3157 3158
3158 244
3158 1798
1876 225
1876 1225
1876 1818
1876 1974
1876 3080
1876 3186
225 2674
2674 1974
2674 3186
836 226
836 252
836 470
836 2169
836 2515
836 2541
226 1780
226 3203
1780 265
1780 497
1780 3203
3203 253
3203 265
3203 497
3203 1779
3203 2488
3203 2965
298 227
298 1389
298 1507
298 2723
298 2775
227 408
227 1217
227 1507
227 2775
227 2970
408 315
408 1316
408 1389
408 2775
1507 481
1507 575
1507 1194
1507 1389
2775 1389
2775 2774
305 581
305 1214
305 1887
305 2197
305 2362
305 2637
489 1616
489 2149
1214 2819
354 229
229 1937
229 2937
2937 1827
866 230
866 1241
866 1887
866 2757
251 231
231 331
331 772
2048 232
233 2355
233 2951
2951 2122
2951 3169
255 234
613 235
613 590
613 2344
235 1556
1556 241
1556 2001
581 236
581 1966
236 2362
236 2527
2362 1235
2362 1324
2362 1971
2362 2076
2362 2360
2362 2789
2527 622
2527 802
2527 929
2527 1203
2527 2399
2527 2626
730 237
762 238
762 1303
762 3208
238 1303
238 3184
1303 3183
1303 3184
3184 3208
2900 239
598 240
598 399
598 1450
598 2759
598 3083
240 1393
240 2821
1393 399
1393 2821
2821 399
2821 1077
2821 1327
2821 1374
2821 1450
2821 1606
2821 2363
2821 2458
791 241
241 2001
242 1783
1783 410
1783 2293
896 243
896 248
896 2530
896 2531
244 3079
244 3144
1201 1128
1249 1223
2574 2294
2574 2575
2808 557
2808 867
2808 1164
2808 1574
2808 1922
2808 2542
2808 2543
295 247
295 510
295 1641
247 1641
249 2052
2052 2075
252 2541
2541 685
2541 937
2541 2515
265 253
265 667
265 1141
265 2036
265 3251
253 1519
253 1743
253 2036
253 2189
253 2515
253 2692
253 2693
1519 446
1519 1268
1519 2036
1519 2692
1743 1859
1743 2036
1743 2189
2036 1390
2036 2189
2036 2463
2036 2692
2036 2693
2036 2750
2189 1859
2515 2514
2692 505
2692 2693
2693 1624
2244 254
2244 877
715 256
256 2928
2928 1694
1609 258
258 2936
2709 259
2709 1105
286 260
286 1341
1571 261
522 262
522 700
522 2536
522 2539
262 732
262 877
262 2386
732 1439
877 496
877 841
877 1767
877 2150
877 2728
877 2729
2386 700
2386 1561
2386 2391
1251 263
1512 264
1512 317
1512 2187
1512 2416
264 2187
264 2416
2187 317
2187 1655
2187 2411
2416 1364
2416 1655
2416 2411
667 1710
1141 1710
744 266
744 547
744 1179
744 1243
266 1243
1243 547
1243 594
1243 2855
267 3196
3196 1555
1753 268
1753 438
1753 2422
268 3182
268 3188
268 3189
268 3190
3182 1101
3182 3190
1250 270
1250 3226
271 2725
2725 2724
413 272
413 1730
413 2606
272 763
272 1396
763 2606
763 2922
1396 1730
1396 2606
705 274
705 1144
274 1279
1279 2357
3192 275
1984 276
1984 1529
276 2433
2433 1529
2433 2434
683 277
683 1897
277 1897
277 2291
1897 2291
1278 278
1278 403
1278 728
1278 1559
278 1537
1537 3020
641 279
1148 280
1148 2313
280 2313
2313 1208
2313 1811
2313 2314
2313 2998
2313 2999
1570 281
1570 1032
1570 3206
1570 3207
281 3206
3206 1032
3206 3207
1397 283
283 1936
1936 632
1936 716
1936 2035
1936 2633
1445 284
284 1806
284 2365
284 2635
1806 1394
2365 1424
2365 1819
2365 1848
2365 2882
2365 2917
999 285
999 498
999 1557
999 2116
999 2295
2662 288
2662 955
864 289
864 2654
864 3179
589 290
290 1814
290 2109
290 2814
1814 395
1814 1235
1814 1557
2109 2814
1559 291
1559 480
1559 808
1559 1195
1559 1845
1559 1989
1559 2426
1559 2730
1559 2731
1559 2739
291 1845
1845 808
3019 293
2813 294
2813 1210
2813 2144
2813 2621
1044 297
297 1120
1389 575
1389 1305
1389 2310
1389 2774
1389 3247
2723 2721
1188 299
1188 747
300 2612
2612 2247
2612 2787
301 714
301 925
301 1174
301 1324
301 1458
301 2085
301 2547
301 3141
714 1174
925 2341
1174 2547
1324 1406
1324 2789
1458 2676
2085 582
2085 1573
2547 545
632 302
632 405
632 491
632 1768
632 1890
632 2035
632 2404
632 2526
632 2889
632 2935
302 1994
1994 491
1994 2935
2887 303
1348 304
1887 358
1887 1964
1887 2408
1887 2610
1887 2611
1887 2757
2197 2744
2197 2820
2637 2191
2888 306
306 3175
3175 684
3175 1292
3175 2222
1652 307
1849 308
1849 2410
1849 2894
308 2894
308 2895
2894 2895
410 309
410 800
410 2171
410 2679
410 2680
410 2681
952 311
952 518
311 2942
2942 1248
2942 1336
2942 1374
2942 2826
370 901
370 1103
370 2454
901 1103
901 2454
2558 841
2558 1103
2558 2171
2558 2224
2558 2445
2558 2561
2598 1103
2598 3119
1110 313
772 314
772 619
772 1663
772 2228
772 2524
772 2805
314 2889
314 2890
2889 2910
712 316
712 1871
712 3264
317 2607
2607 513
2607 766
2607 814
2607 1451
2607 1588
2607 2245
2607 2414
2607 2459
2607 2869
2920 318
2194 319
319 3040
692 321
692 1754
3073 322
3073 984
3073 3072
972 324
972 2015
324 3042
1361 325
1361 2996
1858 327
1858 2480
1858 2711
327 2481
327 2579
2481 2480
2481 2711
2579 2578
328 3160
3160 2034
1069 329
1069 709
1069 1681
1069 3027
329 1260
329 1681
329 2906
1681 2906
2906 685
2226 330
2226 542
2226 1033
2226 1240
2226 1416
2226 1888
2226 2245
2226 2414
330 2879
2879 740
1664 332
718 333
718 1074
718 2186
333 1074
1074 2911
557 334
557 1164
557 2542
557 2983
334 867
334 1164
334 1574
334 2542
334 2543
334 2960
867 2983
1164 1574
1164 2294
1164 2542
1164 2543
1164 2983
1574 1167
1574 2983
2542 2543
2542 2983
2543 2983
336 2603
2603 2502
2749 548
2749 2117
1037 338
1840 339
1840 1686
673 340
340 3249
3249 851
3249 2461
3249 2878
1744 341
2205 342
342 3242
1431 343
1635 344
1635 2360
1186 345
1186 765
1186 813
1186 1050
1186 1544
1186 2321
1186 2491
345 1730
345 2042
345 2491
1730 461
1730 2220
1730 2491
2042 1006
2042 2554
2491 1050
396 346
396 945
2720 347
2363 348
2363 2217
1700 350
350 3246
2964 352
1107 353
1917 355
1917 987
1917 1353
1917 2315
355 2315
355 2316
2315 1447
2315 2316
2316 987
2316 1838
2316 1885
2316 2336
474 357
358 2408
358 2610
358 2611
2408 1257
2408 2407
2408 2610
2408 2611
2610 2611
2304 359
2304 731
2304 810
2304 1036
2304 1718
2304 1886
2304 2186
2304 2303
2304 2427
2304 3029
2304 3235
359 2305
2305 1950
2305 2303
795 360
795 701
625 362
625 1729
625 2284
362 1135
2030 363
1183 365
1183 1962
576 366
2125 367
367 2463
1349 368
1349 1950
1349 3029
368 1402
368 1718
368 1950
368 2427
368 3029
1718 1950
1718 3029
1950 1177
1950 1244
1950 2978
1950 3029
1950 3265
2427 1036
3029 1991
2454 1012
1390 371
1390 1268
1390 1380
1390 1698
1390 2331
1390 2332
371 2332
371 2750
371 3239
2332 1698
2332 1834
2332 2750
2332 2901
2750 1268
2750 1380
2750 1698
2750 2331
3239 444
3239 1268
3239 1639
3239 3240
1764 372
2265 373
2265 1490
2727 375
2727 1124
2727 1542
2727 1740
375 3225
3225 479
3225 1563
3225 2732
2123 377
2123 1601
2123 3143
377 3143
1436 378
1436 2124
1436 2914
691 379
691 860
691 1220
691 2317
977 380
1899 381
1672 382
2768 384
2080 386
386 2947
2947 1953
2947 2948
862 387
387 1885
387 2072
387 2074
2074 595
2953 388
562 390
562 693
562 2179
391 2556
2556 1314
2556 1955
1235 395
1235 1934
1235 2447
853 397
2699 398
2699 847
2699 2700
2699 2701
3140 400
3140 1078
3140 1634
402 1632
402 2147
1344 404
1344 2152
1344 2207
1322 406
1322 1894
1322 3106
406 1505
406 2546
1505 500
1505 1894
1505 3153
2546 532
2546 1557
1779 407
1779 470
1779 2169
1779 2969
407 3063
1316 414
1316 619
1316 856
1316 2540
1316 2573
2404 409
2404 2405
409 3211
3211 1749
800 974
2679 2681
1114 411
1114 1733
411 2393
411 2528
2393 1733
2393 2528
2528 1470
2528 1733
2497 412
903 414
903 619
903 2266
1191 415
1191 978
473 416
473 459
473 1231
473 2170
1902 417
1902 1345
1902 1481
1902 1821
1902 2503
1902 2966
1121 418
1121 915
1121 1463
1121 2644
1121 3161
418 1147
418 2242
418 2592
1147 629
1147 2968
2242 2100
2592 2100
2204 419
2204 3222
1728 420
3118 421
2098 423
833 424
833 2441
833 2523
424 1534
424 1677
424 2083
424 2441
1534 1677
1534 2523
1677 1670
1677 2083
1677 2523
2083 2523
2441 533
2441 2523
768 425
768 1697
426 1997
426 2122
1997 702
1997 2682
2122 3169
1656 427
1656 452
427 2804
2804 501
2804 665
860 428
860 2317
428 1158
428 1252
428 2317
1252 2317
2317 2371
2941 429
2789 430
2789 953
2789 981
2789 1057
2789 1142
2789 2201
2789 2224
2789 2734
2789 2735
2789 2925
2789 2926
545 431
545 1792
545 2325
431 2325
431 2326
2325 1257
2325 1494
2325 1554
2325 2151
2325 2193
2325 2276
2325 2324
2325 2407
2325 2470
2325 2839
2326 1494
2326 1554
2326 2324
2326 2470
1006 432
432 1965
1965 2839
2282 433
2880 434
2880 630
1980 436
436 3083
3083 1450
3083 2175
3083 2458
3005 437
3005 1285
438 2465
438 2772
2465 742
2465 948
2772 1335
2869 439
2869 605
2869 1089
2869 2102
2869 2479
2869 3270
848 440
848 1799
848 2370
440 1799
440 2370
1799 2046
1799 2370
2370 1281
1283 441
1283 953
1283 2734
1283 2735
506 442
506 1342
506 1544
442 2849
2849 1101
1168 444
1168 2154
879 445
445 1076
539 1007
539 2260
1508 1884
1884 541
1884 2267
1934 1925
1934 2844
1934 2922
1603 448
1603 2582
448 2696
2696 941
2696 1419
2696 2039
2696 2992
2181 449
2181 647
2181 3243
802 2628
829 2149
829 2988
929 2628
1203 2628
1616 1332
1616 2214
2628 2097
2628 2746
2744 2626
1628 452
1566 453
1417 454
1417 1356
2200 455
2200 1856
2200 2336
455 2323
2323 1838
2323 1856
2323 2322
2323 2395
2323 2613
2068 456
2068 752
980 457
980 1400
980 2209
457 1723
457 2988
457 3216
1723 2284
2988 1729
2988 3216
1485 458
2503 460
460 2504
2121 2310
2121 3156
2121 3247
2310 1701
2310 2311
2310 2312
463 3093
3093 2548
970 1565
1452 1196
1452 2922
1637 863
1637 1565
1087 466
466 1457
1457 569
1951 467
1648 468
1648 708
1648 2518
1648 2550
1648 2565
468 2518
468 2550
2518 708
2518 2176
2518 2519
2550 708
698 2705
470 2488
2488 2169
3013 471
471 3014
3014 1486
3248 472
3248 1651
3248 2218
1231 814
3062 476
567 477
2203 478
825 479
479 828
479 1062
479 3229
1062 1563
3229 2073
480 1989
480 2585
1989 1424
2585 2584
1194 481
1194 2573
1039 482
1039 1223
1039 2618
1039 2712
1039 3169
482 2712
1101 3000
1544 555
1544 2321
2321 2320
729 1623
729 3257
831 3236
1623 3257
2077 1008
1373 487
487 2818
2149 681
2119 2678
852 493
852 1155
852 2146
2932 1905
2932 2063
2932 2933
2933 2063
2613 495
496 2241
498 1549
1549 2442
514 499
514 1199
514 1557
514 2608
619 501
619 565
619 569
619 856
619 1254
619 1300
619 1807
619 2102
619 2258
619 2540
619 2805
619 3108
501 2258
2258 938
2258 2871
2258 2908
1701 502
1557 503
1557 2351
503 3167
2794 504
505 3202
2787 507
2787 670
2787 681
2787 1945
620 508
620 2340
615 509
615 571
615 606
615 704
615 2286
615 2377
615 2403
615 2566
2769 511
511 2770
512 1476
1199 2881
3101 3102
3101 3103
2344 517
2344 1558
2344 2343
2344 2366
2344 2498
517 2366
1801 519
1811 520
1811 2314
520 2314
1513 521
1513 801
521 2747
521 2896
2747 2748
2896 2748
700 2539
2536 1129
2536 2537
2536 2538
2539 676
908 523
908 1448
908 1803
908 2511
523 2131
2131 1448
2131 1803
2131 2511
2360 686
2360 1108
2360 1323
2360 2033
2360 2361
1696 526
1696 1182
1696 1927
1696 2220
1696 2506
526 1927
659 527
659 1187
659 2402
527 1004
527 1594
527 1613
527 1935
1594 847
2571 528
2571 2572
2571 2573
1736 530
1736 966
530 2652
2652 1579
2652 2651
2253 531
636 532
636 1066
636 2557
532 934
934 1558
934 2343
934 2864
645 534
645 2469
534 830
627 535
627 618
535 1483
1483 618
1754 536
900 3018
2868 605
1456 560
1836 669
1836 1289
1836 1699
1836 2249
2800 583
3006 560
3007 1546
3007 3008
2525 540
2525 2133
2525 2907
541 2267
1033 542
1033 2023
543 814
842 544
842 2823
544 1848
1848 1582
1848 1942
1792 1160
1792 1461
1792 1766
1792 2167
546 2968
2376 548
2376 1333
794 550
957 552
1853 1795
1853 2639
2159 556
556 2446
2446 1229
2983 2917
1560 558
1560 1215
1560 3195
558 1707
894 561
894 855
894 1671
894 2333
894 2335
561 1248
561 1311
561 2448
1248 1031
1248 2333
1311 855
1311 1671
1311 2333
1311 2335
2179 856
2179 1968
2179 2540
1414 1825
1414 2690
1414 2856
1974 2691
2364 988
2364 1307
2364 1521
2364 1643
2364 1820
2364 3046
2428 637
2428 3077
2450 1666
2450 2222
2690 2856
1810 564
564 2981
565 3108
3108 1405
3108 2177
1757 566
569 665
665 856
665 912
665 962
665 1293
665 1451
665 1539
665 1807
665 2540
665 2731
1095 570
1095 1495
570 1495
570 2018
570 2234
1495 2234
1856 572
1856 593
1856 2199
1856 2322
1856 2395
2192 574
574 2331
2331 2505
2331 2513
2331 3107
1722 577
1722 3274
785 988
785 1521
785 2984
1154 1026
1154 2495
1154 2686
1154 2779
2035 2526
2216 1223
2411 1807
2411 1908
2411 2412
2411 2413
2411 2414
2411 2415
2878 851
2908 2909
2908 2910
2348 579
1026 2495
1966 2076
582 2520
823 584
823 1239
584 1239
584 1257
584 2500
584 2501
1239 2501
1257 973
1257 2470
2500 663
3053 585
586 2173
586 2828
2173 2828
2828 602
2828 1204
2828 1629
2828 1697
2828 2211
2828 2437
2828 2829
2828 2830
2665 1442
2290 588
2290 1197
590 869
590 1930
3145 591
3129 592
3129 1129
989 595
989 1105
989 1551
3146 596
1829 2000
1829 2507
1829 2993
1450 677
1450 704
1450 1077
1450 2458
1450 2912
2759 880
2759 1942
2759 2509
687 599
599 2422
2422 967
2422 976
2422 1714
2422 1775
2422 2423
2422 2424
2422 2425
850 600
850 1766
2847 603
2847 2848
679 604
604 2826
2826 1336
2826 1374
2826 1606
1102 605
1102 1089
1102 1807
605 2997
2997 633
606 2566
2566 1015
1298 607
1298 2973
2564 608
2564 1420
2564 1639
2564 2630
840 609
1789 610
1789 1058
1789 1999
2256 612
2256 614
704 1403
704 1956
704 2333
1761 616
856 912
856 1807
856 1968
856 2233
856 2653
1807 1655
1807 2540
2540 912
2540 1968
2805 912
2095 621
622 2642
2642 2844
1439 624
624 1689
624 2591
1689 2591
1729 2284
628 1449
629 2100
3212 631
2935 724
1862 634
634 2713
1904 635
635 3168
1066 1329
1066 2557
988 637
988 1521
988 3077
1713 638
3268 640
1129 1035
1129 3011
2469 2104
682 650
682 3154
650 3154
650 3155
3154 3155
2898 651
2898 1269
653 652
1692 654
1692 1157
2601 2602
2227 657
2349 658
2349 751
2349 2350
1187 2402
2223 660
1469 661
1469 1465
1469 1738
1469 2029
661 3095
755 1679
1085 1506
1163 1679
1529 1065
1679 1065
1276 663
962 1860
1293 2568
1451 1784
1451 2177
2731 808
1275 668
1275 3214
668 2409
668 3214
2409 2915
1835 670
1835 1464
1835 1591
1835 2473
670 2835
2835 2473
973 2407
2407 2470
2470 1554
1948 674
1948 1047
1948 2760
676 2938
2938 2939
677 2458
2458 2912
2522 678
2522 1518
2522 2384
2919 680
1586 685
1586 2027
1586 2687
685 2965
686 2445
2445 1245
2445 2444
2150 688
2150 841
2923 689
2923 2252
1654 722
1328 694
2004 695
1684 696
2683 699
2683 1238
2683 2061
2683 2684
701 2885
2885 2884
1403 759
2333 1671
2333 2335
1144 2055
1144 2714
1144 2715
2687 706
2687 1097
2687 2027
2687 2686
706 3059
706 3060
3059 3220
3060 3220
1161 707
708 2565
2565 2176
2565 2519
1111 711
1111 1018
1111 2842
711 2294
2294 1018
2294 2575
2294 2643
2208 713
1463 716
716 2644
2186 1244
2259 719
2259 1565
2707 2708
2943 725
2943 2944
725 2944
725 2945
2275 726
1234 727
3257 2019
3195 733
3195 1005
3195 1019
3195 1115
3195 2478
2180 734
2548 1670
2384 741
2384 1518
2384 1561
741 2986
2986 2391
798 742
798 978
798 2977
742 948
742 1695
2629 743
2629 2806
1051 745
1425 746
1425 1548
1916 748
2881 749
2097 1057
2097 2782
2625 2949
1399 752
2918 753
2918 1166
2918 2905
1489 754
2339 756
2339 776
2339 868
2339 1140
2339 1358
2339 2336
2302 757
2302 2394
2093 760
2093 1419
1024 761
2922 1925
764 2050
2050 1837
765 1565
1089 766
766 1240
1312 2110
1536 769
1536 1305
769 2567
2567 1428
1355 770
776 771
776 2443
771 1017
1017 2031
1017 2318
1017 2319
1017 2336
2219 844
2219 3185
2219 3186
2903 777
2903 1569
2903 1841
2903 1895
2797 2498
1687 779
1376 780
2183 781
1392 782
3215 783
3131 784
3131 3132
1521 2984
2984 909
2274 786
2274 2299
2274 3122
2274 3123
1643 787
787 2128
787 2440
2128 2440
2270 792
1370 796
1370 2716
1547 797
797 1825
978 1207
2977 3114
1747 799
974 2383
1882 805
1939 806
808 2730
898 809
898 1543
898 2669
2341 811
2341 1802
811 2390
2390 1958
2390 2985
2577 812
2553 816
1030 2462
1878 818
1548 1329
2673 821
1068 824
1068 2496
1068 3226
824 1482
1482 1429
1482 3226
1438 834
1932 835
1139 837
1377 2391
1494 1554
1494 2151
2324 1554
841 1993
2823 2618
2823 2824
1286 843
971 846
1774 849
1766 1461
851 2145
851 2461
2461 1093
2461 3241
2146 3194
1751 854
854 2176
2176 1758
2176 2519
855 1327
855 2834
1327 2834
2834 1077
2834 2335
2233 1620
3193 857
1157 858
1157 2754
1157 2756
887 859
1988 861
1241 2757
928 868
928 1140
868 1358
868 1644
868 2318
868 2431
1358 1140
1358 2318
1644 1140
1644 2318
2318 1140
2318 1427
2318 2319
2431 1140
2327 1516
2327 3119
1474 874
1156 875
1156 1343
875 2476
2476 1343
1332 2090
2819 2790
1409 880
1409 1942
880 2509
2418 881
1094 882
882 2056
882 2435
2283 883
1067 886
1900 888
2092 889
1058 890
1058 1291
1415 891
1415 1781
891 1781
891 2995
1781 2995
2995 1407
2995 1597
2995 2996
2113 893
893 2927
1462 895
1462 1889
1462 2870
1678 897
1678 2237
1543 2669
2235 899
1765 902
902 2104
905 2144
905 2621
2621 3209
3030 906
1404 907
1262 909
1073 1223
1073 2023
983 913
1307 1387
1874 921
921 1946
2073 926
2308 1070
2308 1109
2308 1826
1528 931
1528 3002
931 1979
1979 3002
2974 933
1558 2343
2864 2078
1688 935
1100 936
1610 939
939 2617
939 3109
2940 940
1419 941
1419 2992
941 2263
942 3065
3065 1175
3065 3066
3065 3067
1009 944
1009 1284
1009 1440
944 1440
1440 1253
1440 1284
1440 2562
1440 2876
2507 1049
2507 1647
2993 2000
1918 947
1918 958
1918 3033
1918 3162
947 3033
1384 949
2193 1160
2193 1216
2193 1263
2193 2399
3113 951
953 1142
953 2201
953 2971
953 2972
1142 1263
2201 1263
2734 981
2734 2926
2840 2399
2925 2084
2925 2926
2738 961
1277 963
963 2442
2660 965
1617 968
968 2067
2276 969
2276 1226
2276 2151
2276 2839
1975 975
981 2391
981 2735
2391 1378
2391 1958
2191 982
2191 1378
2191 1748
2191 2636
982 2636
2636 1378
1022 1038
1022 1137
1022 1190
1297 986
986 1492
986 2551
986 3267
1492 2019
2551 1008
2551 1691
2551 3024
1726 987
1105 1551
1105 2516
1551 1852
1551 2516
1772 991
1772 1200
2776 1305
1787 993
2722 994
2722 2721
2722 2957
994 2957
1192 1738
1192 2029
1192 2836
1675 998
2743 2014
1019 1005
1019 2478
1005 2478
2478 2477
1172 1008
1008 3024
3024 3025
1284 1253
1284 2562
1010 2670
2670 1295
1538 1016
2031 3115
2336 2337
2336 2338
1018 2293
2081 1289
2779 1762
2051 1025
2051 2915
2836 1027
3003 1029
3003 3142
1031 1374
1031 1592
1031 2288
1374 2288
1592 2288
1032 3207
2023 1205
1223 2177
1223 3169
2838 1042
2555 1043
1647 1049
2979 1053
2979 1173
2979 1287
2467 1055
1055 2468
1057 2782
1081 1060
2740 1061
2740 1195
2740 2739
1563 2417
1065 1919
1329 2243
2496 2174
1109 1070
1109 1705
1109 1826
3094 1071
3094 3198
1071 3198
1778 1072
1379 1075
1553 1078
1078 1634
1959 1079
1959 2129
1959 2388
1079 2129
1079 2387
1079 2388
1079 2389
2129 2388
2387 2388
2388 2389
2389 2969
2609 1870
1502 1086
1908 1088
1088 2563
2831 1090
2367 1092
1092 2717
2460 1093
1921 1096
1952 1097
1952 3107
1607 1365
2486 2487
3165 1099
1178 1104
1178 2213
1178 3233
1631 1106
1106 2615
1108 2949
2949 2016
1705 1583
1705 3258
1705 3259
2842 1859
2991 1112
3096 1113
2477 1115
2641 1290
2641 1542
3213 1119
2508 1123
2190 1125
1225 1127
1225 1666
1264 1130
1264 2345
1130 1375
1130 1530
1130 2346
1375 2345
2346 2345
1428 1133
1428 1305
1383 1134
1818 1136
1818 2691
2926 1138
1138 3036
1138 3037
2773 1143
1411 1145
2675 1146
2675 2676
2309 1149
2010 1150
2010 1922
2010 2426
2010 3178
1150 2426
2426 3178
1785 1152
1785 2111
1193 1153
2754 2755
2916 1159
2916 2065
1160 2399
2399 2167
2399 3032
3269 1165
1839 1170
1839 1202
1839 3026
1170 2271
1738 1173
1738 2136
1173 2029
1812 1177
1812 1352
1762 1180
1762 2024
1196 1189
1189 2790
1195 2739
2739 1363
1202 3026
1602 1204
1602 2437
1204 1693
1204 2436
1204 2631
1204 2633
1693 1372
1693 1928
1693 2437
1693 2631
1693 2633
2436 2437
2631 2437
2631 2632
2631 2633
2633 2437
1299 1212
3055 1213
1369 1215
1369 2141
2178 1216
1216 2884
1221 1527
2902 1228
3074 1236
3074 1545
3074 3075
1236 3075
1236 3076
3075 1545
3076 1545
1309 3117
1661 1242
2855 2854
2444 1245
1253 2562
1711 1256
1273 1258
2685 1259
2588 1261
2588 2589
1261 2589
2589 1859
1350 1265
1294 1266
1499 1267
1499 3124
1499 3125
1499 3126
1499 3127
2027 1269
1620 1270
2357 2356
2061 3176
3135 1288
3135 3136
1288 3136
1740 1290
3080 1292
3080 1822
1441 1295
1441 2008
1441 3200
1295 3200
3051 1296
3051 3052
2127 1302
2127 2852
2127 2853
1302 2590
1305 2777
2132 1308
2110 2929
2737 1313
1653 1317
2718 1320
2087 1325
1861 1326
1721 1330
1330 3084
3084 1879
1378 1561
2090 1719
2090 2354
1734 1337
1734 1420
2152 1784
1481 1345
2905 1347
1931 1351
1931 2989
1855 1353
2047 1354
2865 1357
2865 2007
2865 2255
1817 1360
1817 3201
1360 2517
2996 1597
3001 1368
1561 1958
1561 2115
2210 1381
2210 1709
1947 1382
2698 1388
2698 1427
2698 2697
3247 1784
2781 2094
1854 1407
1958 2985
3022 1412
3022 1500
1412 3023
1420 2630
2401 1421
2771 1808
2156 1435
1435 2655
2655 2656
2930 1437
2792 1444
2792 2793
1838 1447
1838 2322
3217 1454
1465 2106
1776 1467
1776 1621
2002 1468
2002 1704
2002 1715
2155 1809
2206 1472
1898 1473
2301 1475
3090 1477
3090 3091
2168 1479
1646 1480
2959 1484
2466 1488
2019 2549
1554 1612
1554 2151
1554 2839
2151 1612
2151 1892
3180 1496
3124 3127
3126 3127
3127 3128
2990 1500
1735 1511
2614 1515
2614 3244
3057 1517
2853 1520
2396 1523
1524 3221
2005 1525
1567 1533
1542 2726
2024 1545
1612 1892
2432 1562
2251 1572
2251 2215
2661 1575
3061 1577
2160 1581
1583 1716
1583 2980
2040 1584
2272 1585
2272 2143
1944 1587
1742 1749
1600 1596
1600 1907
1596 1907
1866 1599
1599 2816
2175 1606
1847 1608
3278 1615
1867 1618
1686 1625
1969 2596
2239 1633
3049 1636
1636 3250
3210 3234
3069 1645
1655 2412
1655 2413
1655 2414
1655 2415
1883 1660
2188 1662
2188 1830
2006 1667
2006 3047
1667 3047
3047 3048
1668 3071
1683 1745
2480 1702
1702 2755
1719 2354
1844 1746
2198 1755
1755 3159
3159 1998
2311 1756
2218 1759
2490 1769
2807 1771
1777 2825
2969 2907
2843 1786
1923 1791
2424 1815
2424 2359
2424 3097
2706 1981
2691 3186
1987 1823
2544 1833
1925 2719
3105 1851
2062 1857
2671 2017
2347 1864
2758 1868
3068 1869
2096 1875
2096 2801
1875 3110
3254 1877
3254 3255
1877 3255
1886 3235
3102 1893
2232 1903
2038 1906
2956 1910
2946 1920
3054 1924
2139 1926
3260 1938
3199 1941
3266 1943
3265 1991
3107 2505
3107 2513
2372 1957
2372 2230
2596 2982
3098 1973
3222 1976
1976 3223
2778 1977
2140 1983
1983 3045
2532 1985
2532 3204
1986 2374
2240 1991
3232 1995
2915 2009
2268 2011
2482 2013
2429 2020
3197 2025
2647 2034
2647 2646
2647 3087
2901 2041
3035 2044
2164 2053
2907 2059
2196 2070
2850 2086
3070 2103
2512 2513
2217 2112
2464 2114
2174 2158
2702 2161
2529 2162
2505 2254
2273 2659
2299 2298
2299 2502
2575 3245
2359 2358
2421 2420
2561 3253
2650 2649
2704 2703
2762 2761
2765 2866
2767 2766
2810 2809
2812 2811
2833 2832
2863 2862
2863 3130
2873 2872
2875 2874
2893 2892
2955 2954
2962 2961
2961 2963
3016 3015
3016 3017
3015 3017
3082 3081
3121 3120
3134 3133
3273 3272
3276 3275
